
## Hard coded bars of rhythm to be randomly selected
            
bars = [[1, 1, 1, 1], [2, 1, 1], [1.5, 0.5, 1.5, 0.5], [1.5, 0.5, 1, 1],
        [1, 0.5, 0.5, 1, 0.5, 0.5], [0.5, 0.5, 0.5, 0.5, 0.5, 0.5, 1], [1.5, 0.5, 1, 1],
        [1.5, 0.5, 1.5, 0.5],[1.5,0.5,2], [2, 1.5, 0.5], [1.5, 0.5, 0.5, 0.5, 1],
        [1.5, 0.5, 0.5, 0.5, 0.5, 0.5]] #Bars in 4/4

fin_bars = [[1, 1, 2], [.5,.5,.5,.5,2], [2,2], [1,.5,.5,2], [.5,.5,1,2]] #4/4 Cadential Bars

triple_bars =[[1,1,1], [1,1,0.5,0.5], [1.0,0.5,0.5,1], [0.5,0.5,1,1],
              [1,0.5,0.5,0.5,0.5], [0.5,0.5,0.5,0.5,1], [1.5,0.5,1], [1,1.5,0.5],
              [2,1], [1,2]] #Bars in 3/4

triple_fin_bars = [[3], [0.5,0.5,2]] #3/4 Cadential Bars

compound_bars = [[0.5,0.5,0.5,1.5], [1.5,0.5,0.5,0.5], [1,0.5,1,0.5], [1.5,1.5],
                 [1,0.5,0.5,0.5,0.5], [0.5,0.5,0.5,1,0.5]] # Bars in 6/8

compound_fin_bars = [[1.5,1.5], [0.5,0.5,0.5,1.5]] #6/8 Cadential Bars

